31
20
11
138
77
23
33
20
31
47
54
23
46
43
13
28
17
36
5
5
85
35
63
44
33
40
17
25
18
20
62
17
51
69
35
71
29
38
34
20
56
34
15
65
53
32
43
65
41
54
13
42
31
41
26
23
23
30
58
23
41
15
99
53
18
13
20
29
41
55
36
26
68
56
82
14
63
36
24
43
65
65
60
55
28
25
72
70
52
42
32
21
24
12
34
52
41
28
75
26
12
91
31
50
49
75
70
134
40
30
67
50
59
51
71
105
143
102
54
22
37
60
55
31
24
15
67
47
40
30
13
88
78
18
107
11
45
29
24
23
24
58
148
77
35
127
65
91
130
41
49
28
100
106
39
33
35
53
50
51
109
11
70
52
30
80
41
75
69
27
26
58
35
53
13
35
20
90
39
29
129
97
53
70
110
37
18
21
18
71
16
51
12
56
92
75
42
44
40
48
35
33
29
59
34
54
18
50
155
25
27
66
20
54
10
22
39
43
71
11
58
25
10
46
77
79
54
28
23
32
29
24
38
47
42
40
15
28
27
25
3
23
27
26
22
35
50
14
32
15
33
31
36
9
29
15
40
33
9
44
28
8
14
33
36
24
21
14
33
22
42
24
48
15
12
45
40
11
19
5
14
16
12
9
10
10
12
23
16
54
30
37
30
38
26
9
37
23
30
25
15
21
20
23
14
30
7
24
39
19
22
11
13
32
25
27
39
18
4
51
20
8
20
30
45
10
21
13
35
19
6
22
17
9
21
19
58
4
51
25
14
47
4
15
44
47
28
13
69
12
36
39
13
20
19
31
70
14
43
57
44
55
63
28
12
15
25
35
29
11
13
14
18
21
34
27
31
24
5
32
17
34
31
13
27
23
35
15
15
27
31
27
48
10
13
56
80
15
32
25
15
39
21
15
36
31
23
21
46
56
11
8
27
40
9
31
19
24
21
8
33
3
21
20
20
11
25
4
15
15
12
18
34
25
20
18
29
28
26
36
57
35
51
43
37
11
26
11
42
19
13
22
26
25
85
12
63
32
12
13
14
63
7
25
36
49
38
17
24
13
48
59
64
55
10
41
69
29
25
10
34
55
71
39
31
33
13
17
24
85
47
28
50
35
21
82
18
30
51
10
39
16
18
36
25
33
16
17
72
55
30
33
26
57
29
30
32
22
15
40
8
38
37
33
47
26
69
46
61
42
28
52
41
27
52
59
34
47
43
56
28
35
23
16
24
31
74
28
18
34
3
21
55
84
23
50
74
7
22
55
10
39
22
128
43
55
15
88
41
89
63
64
55
12
28
32
25
60
112
56
40
39
10
55
62
37
81
45
23
75
64
69
79
83
9
43
22
43
43
27
52
7
21
23
7
42
75
45
102
23
100
13
65
48
57
22
77
59
62
42
64
24
24
52
18
48
54
103
115
27
29
31
64
44
7
35
14
15
19
39
40
29
24
58
25
26
22
63
28
54
19
39
69
76
127
23
14
68
83
154
83
51
64
26
56
27
67
27
32
53
28
51
32
71
68
42
69
21
24
71
19
14
37
87
64
30
76
127
20
17
99
59
64
183
67
54
128
63
136
12
22
32
54
68
120
19
36
52
32
131
67
65
61
43
47
66
31
52
30
64
38
22
89
17
22
30
32
32
22
38
45
83
104
90
88
59
45
31
49
16
42
38
56
52
47
19
91
30
68
17
70
26
13
56
16
26
26
55
29
76
35
44
71
82
72
44
55
57
59
188
25
20
41
67
199
68
67
37
21
40
54
67
19
27
7
29
97
17
59
30
30
40
13
23
38
13
48
18
16
19
39
