145
357
54
56
114
86
346
118
172
136
49
181
22
125
59
185
167
55
80
10
152
110
130
11
162
48
115
208
46
197
119
169
87
397
83
28
9
13
45
201
334
81
129
119
177
55
154
359
65
188
60
228
45
77
106
80
110
29
19
29
63
12
51
50
81
72
98
54
79
46
46
61
98
41
58
85
74
39
35
148
186
210
92
90
58
78
47
64
45
80
107
20
73
12
61
54
13
28
34
156
38
35
57
115
77
48
35
27
76
130
100
49
24
58
121
38
83
41
24
7
60
14
19
45
13
43
22
44
27
20
5
10
173
49
35
46
172
113
3
118
5
9
46
60
78
19
33
63
22
22
48
9
100
26
57
19
26
38
61
148
36
34
48
9
19
21
126
52
11
34
48
17
46
39
24
78
31
38
13
69
7
129
34
47
44
31
33
50
138
9
124
29
35
35
29
55
34
31
116
38
99
53
38
163
45
81
93
53
98
89
11
30
15
12
17
14
15
9
8
7
20
28
21
21
25
16
29
4
5
31
10
3
57
8
11
31
13
28
32
25
26
46
21
14
17
25
6
14
17
9
5
22
21
12
10
17
10
19
14
12
18
16
9
6
9
6
3
10
6
11
10
10
17
42
18
12
44
32
35
13
23
12
16
13
23
88
43
59
38
13
7
21
24
36
58
57
44
61
12
12
13
11
15
11
8
10
10
11
10
13
14
16
19
20
11
12
48
46
52
16
33
22
35
26
15
51
24
23
25
30
23
48
56
24
23
41
30
33
56
57
53
21
29
56
38
67
40
16
48
73
95
52
40
147
70
64
15
69
34
61
46
23
49
73
49
75
22
53
12
42
27
149
54
60
82
60
27
53
70
59
41
23
82
85
32
50
69
96
50
80
70
55
78
97
43
67
32
40
17
40
35
31
52
118
60
49
15
16
78
114
73
46
113
112
60
128
27
64
44
96
48
60
70
98
41
63
86
49
110
85
68
99
69
39
45
72
127
43
108
160
40
161
112
120
84
139
71
67
66
123
97
96
52
49
60
101
42
21
29
70
55
40
17
23
77
45
35
38
25
104
59
88
43
11
63
137
39
97
28
51
50
122
98
50
27
149
70
45
75
82
86
56
105
35
18
50
15
171
59
74
25
73
62
15
46
43
132
164
147
117
66
125
93
46
170
39
107
110
48
66
139
87
14
72
28
67
173
163
14
11
49
37
36
56
115
93
65
47
149
15
19
62
55
38
79
184
122
120
50
46
35
19
40
34
16
33
38
211
94
82
56
19
68
34
28
80
16
57
60
70
37
29
33
169
111
84
78
95
40
18
24
15
30
94
22
41
70
188
70
30
27
13
60
129
97
34
12
43
103
69
28
72
53
15
83
43
19
34
16
40
33
24
45
33
23
49
29
49
56
55
15
35
33
47
34
5
50
52
50
51
47
37
46
16
21
76
35
94
19
73
29
82
110
22
45
20
40
39
14
34
28
37
33
51
44
29
31
33
31
7
93
46
32
83
43
33
12
88
40
8
13
32
79
29
37
21
30
32
65
20
6
24
11
49
50
60
62
59
58
73
14
58
26
32
65
21
85
57
38
99
15
67
54
53
124
25
59
48
37
33
41
67
42
41
51
89
48
25
22
55
59
36
42
47
60
114
58
16
26
23
40
55
88
66
41
63
53
27
77
22
67
13
29
48
39
9
14
78
169
96
56
60
11
64
42
25
66
58
94
57
79
73
41
24
49
37
70
100
124
26
32
88
67
