76
57
50
54
49
31
31
94
11
11
120
66
120
70
96
115
48
33
41
51
75
45
64
40
69
54
15
49
30
20
97
107
122
80
56
45
149
44
9
19
21
36
51
19
65
15
75
54
12
37
26
57
33
25
54
35
11
8
17
27
34
102
84
75
41
135
18
62
40
18
51
113
52
64
26
74
64
101
35
26
68
27
90
29
112
10
96
84
50
66
41
75
72
104
68
136
47
79
98
126
26
19
75
103
83
219
55
69
98
70
22
91
57
88
79
148
85
45
151
117
97
45
32
20
60
80
104
84
69
78
70
56
41
47
43
46
61
54
30
50
62
47
33
51
39
21
85
70
42
66
93
14
91
59
75
105
62
48
62
120
31
69
25
57
54
43
73
22
18
37
74
45
74
46
42
58
114
69
68
67
26
65
64
113
46
45
120
53
51
70
45
72
88
77
90
82
46
93
63
79
74
58
20
82
78
81
63
39
97
46
141
30
33
102
67
55
94
95
129
47
82
52
54
30
41
51
81
115
129
57
66
49
27
87
168
134
58
85
24
132
76
45
91
52
43
73
65
77
231
79
87
163
100
81
86
34
102
66
52
61
67
64
76
95
125
52
45
8
57
49
106
134
71
86
51
81
43
48
68
77
54
60
16
76
240
47
53
20
27
28
19
53
21
25
22
22
37
28
80
39
41
50
43
36
59
52
56
74
160
50
78
58
21
20
54
41
68
46
32
32
40
24
30
33
25
19
24
48
44
38
30
28
53
37
20
38
11
69
137
18
26
103
40
38
31
32
54
143
111
51
66
58
113
119
59
87
12
92
105
70
19
53
61
112
13
22
39
18
48
40
124
170
101
116
61
30
23
75
18
15
37
63
96
82
66
65
150
74
37
33
36
32
47
53
94
18
48
39
42
14
21
21
51
47
261
25
32
30
39
69
39
67
27
18
44
52
30
124
49
35
24
9
69
55
72
82
145
90
56
100
210
57
20
43
87
51
96
25
35
104
33
78
84
24
39
84
55
85
84
51
170
55
47
23
69
32
19
38
37
52
77
76
60
158
66
89
46
70
124
35
65
64
39
55
66
61
26
41
25
76
36
41
27
20
50
75
28
42
28
65
112
109
70
43
59
34
45
65
51
81
94
108
86
94
1
52
13
50
21
36
66
29
48
54
27
58
71
22
79
76
35
28
40
82
13
95
59
27
19
32
28
36
167
104
41
35
103
51
44
131
26
51
18
50
58
74
28
50
50
41
77
55
125
58
71
107
30
43
24
44
106
81
57
32
77
62
57
36
30
162
70
50
83
28
36
77
22
95
74
36
77
95
114
34
58
31
49
48
32
6
84
32
53
73
40
32
73
45
30
34
21
54
31
34
48
53
66
85
40
48
64
60
30
42
51
73
50
16
67
49
20
60
17
66
70
11
67
54
43
22
35
70
15
46
23
19
37
34
37
69
88
55
55
85
36
85
117
25
98
84
120
35
45
68
77
13
92
147
104
83
44
60
66
80
48
46
45
45
102
40
114
20
168
116
22
70
115
87
106
46
194
37
72
133
94
127
10
82
28
117
35
48
45
21
109
31
90
108
116
18
138
46
211
129
87
83
43
58
43
190
69
82
73
53
30
17
102
23
48
33
31
30
29
60
11
44
41
86
147
129
85
36
30
140
78
89
96
42
96
64
64
83
59
112
56
119
62
16
117
21
56
68
88
95
67
82
77
47
130
92
108
72
67
87
38
132
79
38
89
107
117
42
105
23
135
88
13
56
10
82
23
165
23
71
46
67
64
27
33
12
67
102
23
77
96
75
34
40
25
15
53
43
81
106
22
130
88
60
121
53
148
71
21
17
113
125
22
29
136
100
51
136
95
97
75
24
91
33
66
109
76
25
57
167
48
121
93
8
168
85
197
324
133
78
72
115
141
118
