92
110
37
32
74
117
91
82
96
52
29
27
53
17
23
23
19
145
116
107
91
36
50
122
78
84
53
80
113
61
37
54
61
22
70
42
19
65
39
64
58
76
52
14
35
50
47
23
50
14
45
16
31
95
89
41
43
66
42
49
49
72
60
82
26
53
146
183
54
54
20
59
94
58
114
40
152
17
68
26
38
51
121
28
73
51
33
38
49
13
44
31
53
41
57
31
68
22
53
32
56
50
41
22
39
23
12
15
30
15
23
10
30
36
46
36
24
23
31
28
10
83
15
55
73
64
41
13
45
34
73
22
44
12
38
31
37
38
25
47
133
85
7
135
10
65
48
38
34
19
30
102
66
70
60
43
68
69
50
36
58
44
39
58
76
33
22
51
47
80
82
82
80
37
36
13
42
38
28
46
27
60
49
28
93
61
42
88
103
53
21
37
16
24
11
43
21
42
23
54
56
78
45
75
70
46
67
13
58
83
60
158
142
62
51
42
78
61
43
26
76
85
7
58
52
20
54
42
8
26
22
51
31
61
37
87
21
60
57
57
21
42
28
23
88
67
60
113
89
20
17
81
59
46
113
16
132
12
75
118
30
61
91
30
62
48
58
16
19
36
39
46
31
107
25
55
68
37
44
79
15
56
64
49
67
34
13
50
18
47
23
36
57
89
63
18
48
35
21
94
59
55
119
62
78
112
86
16
23
43
58
26
34
50
6
66
46
102
101
58
51
80
33
18
33
34
44
99
78
87
95
15
183
29
29
54
60
42
23
119
85
61
98
19
76
29
64
75
43
31
41
59
40
78
28
122
20
24
13
35
38
54
62
64
12
87
49
48
33
94
51
86
44
43
45
51
60
96
14
22
26
84
84
54
73
21
61
66
118
49
79
8
28
81
107
81
31
107
51
14
15
11
33
109
17
48
46
41
48
53
69
11
107
25
96
24
136
145
64
34
33
43
22
91
69
66
75
54
103
103
30
36
56
29
33
85
57
77
17
57
72
137
53
58
63
58
58
89
187
100
26
62
17
96
31
33
52
64
40
51
31
64
71
40
21
4
87
47
13
32
32
53
45
33
45
30
56
25
18
55
45
14
38
59
82
47
30
21
27
33
47
82
86
8
78
122
61
53
23
39
57
92
62
47
73
114
64
11
81
39
39
66
70
58
48
46
59
90
15
29
71
90
27
60
66
36
40
45
31
71
6
64
55
27
61
36
53
18
35
20
70
69
53
142
21
60
73
204
151
62
119
281
147
82
49
158
53
64
100
41
41
57
149
101
87
113
44
72
57
49
106
26
120
38
74
84
191
118
111
49
68
64
56
33
87
19
36
48
73
96
21
63
103
56
127
26
208
43
76
58
34
118
126
52
46
98
78
84
77
148
57
40
61
131
63
132
40
27
25
15
35
28
59
55
44
92
49
47
43
68
28
36
114
72
44
32
56
37
42
35
52
86
30
34
37
31
40
80
7
60
44
22
50
42
63
55
44
45
22
87
48
38
74
105
88
45
52
99
48
93
112
80
69
30
67
61
69
33
58
34
133
36
46
79
149
19
102
45
40
71
105
19
15
80
53
49
34
60
80
34
67
152
71
33
30
182
38
18
49
20
114
226
142
45
165
81
342
127
132
427
36
457
68
596
102
117
458
193
364
45
129
185
166
335
111
388
76
451
170
335
105
286
325
204
200
177
84
61
70
495
217
203
106
150
154
403
122
124
515
427
40
36
560
75
465
129
53
